                                                                              TOTAL AWARDS
             STATE            2002 SDPP      2003 SHSGP     2003 SHSGP II                   Percentage
                                                                             Amount
                                                                                             of Total
Alabama                         $5,317,000     $9,457,000     $25,049,000     $39,823,000         1.7%
Alaska                           2,783,000      4,995,000      13,230,000      21,008,000         0.9%
American Samoa                    828,000       1,482,000       3,926,000       6,236,000         0.3%
Arizona                          5,770,000     10,584,000      28,033,000      44,387,000         1.9%
Arkansas                         4,141,000      7,394,000      19,585,000      31,120,000         1.3%
California                      24,831,000     45,023,000     119,256,000     189,110,000         7.9%
Colorado                         5,220,000      9,480,000       25,111,000     39,811,000         1.7%
Connecticut                      4,626,000      8,265,000      21,893,000      34,784,000         1.5%
Delaware                         2,887,000      5,185,000      13,733,000      21,805,000         0.9%
District of Columbia             2,747,000      4,910,000      13,006,000      20,663,000         0.9%
Florida                         12,967,000     23,654,000      62,655,000      99,276,000         4.2%
Georgia                          7,797,000     14,188,000      37,579,000      59,564,000         2.5%
Guam                              892,000       1,596,000       4,226,000       6,714,000         0.3%
Hawaii                           3,172,000      5,693,000      15,079,000      23,944,000         1.0%
Idaho                            3,226,000      5,803,000      15,375,000      24,404,000         1.0%
Illinois                        10,604,000     18,879,000      50,005,000      79,488,000         3.3%
Indiana                          6,400,000     11,399,000      30,194,000      47,993,000         2.0%
Iowa                             4,308,000      7,656,500      20,282,000      32,246,500         1.4%
Kansas                           4,151,000      7,401,000      19,603,000      31,155,000         1.3%
Kentucky                         5,048,000      9,001,000      23,838,000      37,887,000         1.6%
Louisiana                        5,331,000      9,451,000      25,037,000      39,819,000         1.7%
Maine                            3,213,000      5,751,000      15,232,000      24,196,000         1.0%
Maryland                         5,881,000     10,585,000      28,037,000      44,503,000         1.9%
Massachusetts                    6,579,000     11,711,000      31,020,000      49,310,000         2.1%
Michigan                         8,958,000     15,918,000      42,162,000      67,038,000         2.8%
Minnesota                        5,631,000     10,076,000      26,690,000      42,397,000         1.8%
Mississippi                      4,255,000      7,582,000      20,083,000      31,920,000         1.3%
Missouri                         6,079,000     10,834,000      28,697,000      45,610,000         1.9%
Montana                          2,967,000      5,303,000      14,047,000      22,317,000         0.9%
Nebraska                         3,502,000      6,254,500      16,568,000      26,324,500         1.1%
Nevada                           3,693,000      6,771,000      17,935,000      28,399,000         1.2%
New Hampshire                    3,328,000      5,727,000      15,172,000      24,227,000         1.0%
New Jersey                       7,948,000     14,222,000      37,671,000      59,841,000         2.5%
New Mexico                       3,574,000      6,401,000      16,956,000      26,931,000         1.1%
New York                        14,953,000     26,492,000      70,172,000     111,617,000         4.7%
North Carolina                   7,706,000     13,908,000      36,840,000      58,454,000         2.5%
North Dakota                     2,794,000      4,983,000      13,200,000      20,977,000         0.9%
Northern Mariana Islands          835,000       1,496,000       3,963,000       6,294,000         0.3%
 Ohio                      9,897,000        17,510,000       46,378,000          73,785,000     	  3.1%
 Oklahoma                  4,656,000         8,304,000       21,996,000          34,956,000         1.5%
 Oregon                    4,637,000        8,336,000       22,081,000          35,054,000        1.5%
 Pennsylvania             10,512,000        18,570,000       49,189,000          78,271,000         3.3%
 Puerto Rico               4,894,000         8,727,000        23,118,000         36,739,000        1.5%
 Rhode Island              3,063,000         5,489,000       14,540,000          23,092,000        1.0%
 South Carolina            5,028,000         9,017,000       23,882,000          37,927,000        1.6%
 South Dakota              2,868,000         5,131,000       13,591,000          21,590,000        0.9%
 Tennessee                 6,140,000        10,978,000       29,080,000          46,198,000        1.9%
 Texas                    16,196,000        29,538,000       78,238,000         123,972,000        5.2%
 Utah                      3,849,000         6,937,000       18,374,000          29,160,000        1.2%
 Vermont                   2,772,000         4,963,000       13,147,000          20,882,000        0.9%
 Virginia                  7,062,000        12,716,000       33,683,000          53,461,000        2.2%
 Virgin Islands, U.S.        861,000         1,542,000         4,085,000          6,488,000        0.3%
 Washington                6,276,000        11,294,000       29,917,000          47,487,000        2.0%
 West Virginia             3,567,000         6,340,000       16,792,000          26,699,000        1.1%
 Wisconsin                 5,925,000        10,565,000       27,985,000          44,475,000       1.9%
 Wyoming                   2,696,000         4,827,000       12,784,000          20,307,000     0.9%
 GRAND TOTAL            $ 315,841,000     $ 566,295,000   $1,500,000,000   $   2,382,136,000   100.0%


                                 FY 2002 SDPP                      FY 2003 SHSGP                     FY 2003 SHSGP II
           State            Awarded                                            Drawn
                                          Drawn ($115M)     Awarded ($566M)                  Awarded ($1,500M)   Drawn ($156M)
                            ($316M)                                            ($71M)
Alabama                      $5,317,000       $2,866,889          $9,457,000       $98,821         $25,049,000       $1,622,255
Alaska                        2,783,000           71,600           4,995,000        25,255          13,230,000            42,651
American Samoa                  828,000          181,808           1,482,000            0            3,926,000           214,152
Arizona                       5,770,000         2,552,407         10,584,000    1,440,515           28,033,000          1,268,220
Arkansas                      4,141,000         1,409,372          7,394,000    2,521,666           19,585,000          3,241,401
California                   24,831,000         2,519,960         45,023,000    2,966,828          119,256,000       19,071,957
Colorado                      5,220,000          528,749           9,480,000            0           25,111,000            36,388
Connecticut                   4,626,000         1,245,655          8,265,000            0           21,893,000                 0
Delaware                      2,887,000                0           5,185,000            0           13,733,000                 0
District of Columbia          2,747,000         2,558,690          4,910,000            0           13,006,000          1,734,000
Florida                      12,967,000         8,702,835         23,654,000    2,273,323           62,655,000          5,871,373
Georgia                       7,797,000          942,500          14,188,000    1,858,500           37,579,000          2,171,100
Guam                            892,000          753,037           1,596,000        75,566           4,226,000                 0
Hawaii                        3,172,000           74,071           5,693,000       127,534          15,079,000          1,144,242
Idaho                         3,226,000          640,401           5,803,000       572,511          15,375,000           890,469
Illinois                     10,604,000         5,777,509         18,879,000    4,955,513           50,005,000                 0
Indiana                       6,400,000         1,151,268         11,399,000    4,859,562           30,194,000          9,763,354
Iowa                          4,308,000         3,444,273          7,656,500        58,210          20,282,000           267,648
Kansas                        4,151,000         3,940,345          7,401,000       252,327          19,603,000            18,143
Kentucky                      5,048,000          759,630           9,001,000    1,655,413           23,838,000           728,915
Louisiana                     5,331,000          686,341           9,451,000        95,686          25,037,000           543,563
Maine                         3,213,000         2,657,172          5,751,000    1,009,281           15,232,000           672,150
Maryland                      5,881,000         4,244,702         10,585,000       275,912          28,037,000           379,785
Massachusetts                 6,579,000         5,929,733         11,711,000        40,803          31,020,000          3,020,181
Michigan                      8,958,000         5,875,820         15,918,000       574,941          42,162,000           194,246
Minnesota                     5,631,000         3,014,307         10,076,000       351,914          26,690,000           494,163
Mississippi                   4,255,000          107,619           7,582,000       724,245          20,083,000           391,420
Missouri                      6,079,000         4,225,100         10,834,000    1,815,200           28,697,000          3,092,700
Montana                       2,967,000         1,245,902          5,303,000       233,966          14,047,000            86,157
Nebraska                      3,502,000         1,865,113          6,254,500       551,663          16,568,000          1,503,965
Nevada                        3,693,000         2,874,192          6,771,000    1,259,919           17,935,000           845,534
New Hampshire                 3,328,000          424,849           5,727,000       334,006          15,172,000            61,911
New Jersey                    7,948,000                0          14,222,000            0           37,671,000          2,318,265
New Mexico                    3,574,000          106,091           6,401,000        73,673          16,956,000                 0
New York                     14,953,000                0          26,492,000   13,000,000           70,172,000       60,000,000
North Carolina                7,706,000         3,517,086         13,908,000       516,434          36,840,000           250,620
North Dakota                  2,794,000         1,240,166          4,983,000       565,640          13,200,000           148,962
Northern Mariana
                                835,000          545,917           1,496,000            0            3,963,000                 0
Islands




                                           Page 27
Appendix D
FY2002 SDPP and FY2003 SHSGP and SHSGP II Draw Downs as of February 2004


 Ohio                 9,897,000       5,435,537        17,510,000      2,652,971         46,378,000        1,500,277
 Oklahoma             4,656,000              0          8,304,000             0          21,996,000         183,362
 Oregon               4,637,000        682,682          8,336,000       199,478          22,081,000         675,958
 Pennsylvania        10,512,000       2,578,458        18,570,000       209,395          49,189,000         866,720
 Puerto Rico          4,894,000        182,426          8,727,000             0          23,118,000               0
 Rhode Island         3,063,000       1,170,550         5,489,000      1,899,312         14,540,000        9,285,838
 South Carolina       5,028,000       2,539,155         9,017,000       276,082          23,882,000         262,375
 South Dakota         2,868,000       1,362,448         5,131,000      1,011,363         13,591,000               0
 Tennessee            6,140,000       2,026,109        10,978,000        22,742          29,080,000               0
 Texas               16,196,000       1,587,327        29,538,000      1,652,929         78,238,000         649,310
 Utah                 3,849,000       2,001,356         6,937,000      1,190,913         18,374,000        3,388,303
 Vermont              2,772,000       1,883,177         4,963,000      1,466,921         13,147,000         559,084
 Virginia             7,062,000       5,560,966        12,716,000      4,175,589         33,683,000       11,140,543
 Virgin Islands        861,000         125,923          1,542,000        14,173           4,085,000               0
 Washington           6,276,000       2,527,968        11,294,000      6,355,323         29,917,000        1,211,789
 West Virginia        3,567,000       3,567,000         6,340,000      1,319,768         16,792,000               0
 Wisconsin            5,925,000       2,724,977        10,565,000      3,109,642         27,985,000        4,595,725
 Wyoming              2,696,000              0          4,827,000             0          12,784,000               0
 GRAND TOTAL       $315,841,000   $ 114,637,167   $   566,295,000   $ 70,721,430   $   1,500,000,000   $ 156,409,171


